video
base examples/image
frames 125

evt 0|0 125|1>-0.200000 0 -0.000000|0|0
evt 0|1 125|1>0.000999 0 -0.019967|0|0
evt 0|2 125|1>0.002988 0 -0.019767|0|0
evt 0|3 125|1>0.004946 0 -0.019370|0|0
evt 0|4 125|1>0.006855 0 -0.018780|0|0
evt 0|5 125|1>0.008696 0 -0.018001|0|0
evt 0|6 125|1>0.010449 0 -0.017043|0|0
evt 0|7 125|1>0.012099 0 -0.015915|0|0
evt 0|8 125|1>0.013627 0 -0.014628|0|0
evt 0|9 125|1>0.015019 0 -0.013194|0|0
evt 0|10 125|1>0.016262 0 -0.011629|0|0
evt 0|11 125|1>0.017341 0 -0.009947|0|0
evt 0|12 125|1>0.018248 0 -0.008166|0|0
evt 0|13 125|1>0.018972 0 -0.006304|0|0
evt 0|14 125|1>0.019506 0 -0.004378|0|0
evt 0|15 125|1>0.019846 0 -0.002409|0|0
evt 0|16 125|1>0.019987 0 -0.000416|0|0
evt 0|17 125|1>0.019929 0 0.001582|0|0
evt 0|18 125|1>0.019672 0 0.003563|0|0
evt 0|19 125|1>0.019217 0 0.005510|0|0
evt 0|20 125|1>0.018571 0 0.007401|0|0
evt 0|21 125|1>0.017740 0 0.009218|0|0
evt 0|22 125|1>0.016731 0 0.010943|0|0
evt 0|23 125|1>0.015555 0 0.012558|0|0
evt 0|24 125|1>0.014224 0 0.014048|0|0
evt 0|25 125|1>0.012750 0 0.015398|0|0
evt 0|26 125|1>0.011149 0 0.016594|0|0
evt 0|27 125|1>0.009437 0 0.017624|0|0
evt 0|28 125|1>0.007630 0 0.018478|0|0
evt 0|29 125|1>0.005747 0 0.019148|0|0
evt 0|30 125|1>0.003807 0 0.019626|0|0
evt 0|31 125|1>0.001829 0 0.019908|0|0
evt 0|32 125|1>-0.000168 0 0.019991|0|0
evt 0|33 125|1>-0.002163 0 0.019874|0|0
evt 0|34 125|1>-0.004136 0 0.019559|0|0
evt 0|35 125|1>-0.006068 0 0.019048|0|0
evt 0|36 125|1>-0.007940 0 0.018347|0|0
evt 0|37 125|1>-0.009732 0 0.017463|0|0
evt 0|38 125|1>-0.011426 0 0.016404|0|0
evt 0|39 125|1>-0.013007 0 0.015182|0|0
evt 0|40 125|1>-0.014458 0 0.013807|0|0
evt 0|41 125|1>-0.015764 0 0.012295|0|0
evt 0|42 125|1>-0.016913 0 0.010660|0|0
evt 0|43 125|1>-0.017892 0 0.008918|0|0
evt 0|44 125|1>-0.018693 0 0.007087|0|0
evt 0|45 125|1>-0.019307 0 0.005186|0|0
evt 0|46 125|1>-0.019729 0 0.003232|0|0
evt 0|47 125|1>-0.019953 0 0.001246|0|0
evt 0|48 125|1>-0.019978 0 -0.000752|0|0
evt 0|49 125|1>-0.019803 0 -0.002742|0|0
evt 0|50 125|1>-0.019430 0 -0.004706|0|0
evt 0|51 125|1>-0.018863 0 -0.006622|0|0
evt 0|52 125|1>-0.018108 0 -0.008472|0|0
evt 0|53 125|1>-0.017172 0 -0.010237|0|0
evt 0|54 125|1>-0.016064 0 -0.011901|0|0
evt 0|55 125|1>-0.014795 0 -0.013445|0|0
evt 0|56 125|1>-0.013379 0 -0.014855|0|0
evt 0|57 125|1>-0.011829 0 -0.016116|0|0
evt 0|58 125|1>-0.010161 0 -0.017217|0|0
evt 0|59 125|1>-0.008392 0 -0.018145|0|0
evt 0|60 125|1>-0.006538 0 -0.018892|0|0
evt 0|61 125|1>-0.004620 0 -0.019451|0|0
evt 0|62 125|1>-0.002655 0 -0.019815|0|0
evt 0|63 125|1>-0.000663 0 -0.019981|0|0
evt 0|64 125|1>0.001335 0 -0.019947|0|0
evt 0|65 125|1>0.003319 0 -0.019714|0|0
evt 0|66 125|1>0.005271 0 -0.019284|0|0
evt 0|67 125|1>0.007170 0 -0.018662|0|0
evt 0|68 125|1>0.008997 0 -0.017853|0|0
evt 0|69 125|1>0.010734 0 -0.016865|0|0
evt 0|70 125|1>0.012364 0 -0.015709|0|0
evt 0|71 125|1>0.013871 0 -0.014397|0|0
evt 0|72 125|1>0.015239 0 -0.012940|0|0
evt 0|73 125|1>0.016455 0 -0.011354|0|0
evt 0|74 125|1>0.017506 0 -0.009654|0|0
evt 0|75 125|1>0.018382 0 -0.007858|0|0
evt 0|76 125|1>0.019075 0 -0.005984|0|0
evt 0|77 125|1>0.019577 0 -0.004050|0|0
evt 0|78 125|1>0.019884 0 -0.002075|0|0
evt 0|79 125|1>0.019991 0 -0.000080|0|0
evt 0|80 125|1>0.019900 0 0.001917|0|0
evt 0|81 125|1>0.019609 0 0.003894|0|0
evt 0|82 125|1>0.019122 0 0.005832|0|0
evt 0|83 125|1>0.018445 0 0.007712|0|0
evt 0|84 125|1>0.017582 0 0.009515|0|0
evt 0|85 125|1>0.016545 0 0.011222|0|0
evt 0|86 125|1>0.015342 0 0.012818|0|0
evt 0|87 125|1>0.013985 0 0.014286|0|0
evt 0|88 125|1>0.012489 0 0.015610|0|0
evt 0|89 125|1>0.010869 0 0.016779|0|0
evt 0|90 125|1>0.009139 0 0.017781|0|0
evt 0|91 125|1>0.007318 0 0.018604|0|0
evt 0|92 125|1>0.005424 0 0.019242|0|0
evt 0|93 125|1>0.003476 0 0.019687|0|0
evt 0|94 125|1>0.001494 0 0.019936|0|0
evt 0|95 125|1>-0.000504 0 0.019985|0|0
evt 0|96 125|1>-0.002497 0 0.019835|0|0
evt 0|97 125|1>-0.004465 0 0.019487|0|0
evt 0|98 125|1>-0.006388 0 0.018944|0|0
evt 0|99 125|1>-0.008247 0 0.018211|0|0
evt 0|100 125|1>-0.010024 0 0.017297|0|0
evt 0|101 125|1>-0.011701 0 0.016210|0|0
evt 0|102 125|1>-0.013261 0 0.014961|0|0
evt 0|103 125|1>-0.014688 0 0.013562|0|0
evt 0|104 125|1>-0.015969 0 0.012028|0|0
evt 0|105 125|1>-0.017090 0 0.010374|0|0
evt 0|106 125|1>-0.018040 0 0.008616|0|0
evt 0|107 125|1>-0.018810 0 0.006772|0|0
evt 0|108 125|1>-0.019392 0 0.004860|0|0
evt 0|109 125|1>-0.019780 0 0.002900|0|0
evt 0|110 125|1>-0.019971 0 0.000911|0|0
evt 0|111 125|1>-0.019962 0 -0.001088|0|0
evt 0|112 125|1>-0.019754 0 -0.003075|0|0
evt 0|113 125|1>-0.019348 0 -0.005032|0|0
evt 0|114 125|1>-0.018749 0 -0.006938|0|0
evt 0|115 125|1>-0.017963 0 -0.008775|0|0
evt 0|116 125|1>-0.016997 0 -0.010525|0|0
evt 0|117 125|1>-0.015861 0 -0.012169|0|0
evt 0|118 125|1>-0.014567 0 -0.013692|0|0
evt 0|119 125|1>-0.013127 0 -0.015078|0|0
evt 0|120 125|1>-0.011557 0 -0.016313|0|0
evt 0|121 125|1>-0.009870 0 -0.017385|0|0
evt 0|122 125|1>-0.008085 0 -0.018284|0|0
evt 0|123 125|1>-0.006220 0 -0.019000|0|0
evt 0|124 125|1>-0.004292 0 -0.019526|0|0
evt 0|125 125|1>-0.002321 0 -0.019857|0|0

evt 0|0 125|0>0.200000 0 0.000000|0|0
evt 0|1 125|0>-0.000999 0 0.019967|0|0
evt 0|2 125|0>-0.002988 0 0.019767|0|0
evt 0|3 125|0>-0.004946 0 0.019370|0|0
evt 0|4 125|0>-0.006855 0 0.018780|0|0
evt 0|5 125|0>-0.008696 0 0.018001|0|0
evt 0|6 125|0>-0.010449 0 0.017043|0|0
evt 0|7 125|0>-0.012099 0 0.015915|0|0
evt 0|8 125|0>-0.013627 0 0.014628|0|0
evt 0|9 125|0>-0.015019 0 0.013194|0|0
evt 0|10 125|0>-0.016262 0 0.011629|0|0
evt 0|11 125|0>-0.017341 0 0.009947|0|0
evt 0|12 125|0>-0.018248 0 0.008166|0|0
evt 0|13 125|0>-0.018972 0 0.006304|0|0
evt 0|14 125|0>-0.019506 0 0.004378|0|0
evt 0|15 125|0>-0.019846 0 0.002409|0|0
evt 0|16 125|0>-0.019987 0 0.000416|0|0
evt 0|17 125|0>-0.019929 0 -0.001582|0|0
evt 0|18 125|0>-0.019672 0 -0.003563|0|0
evt 0|19 125|0>-0.019217 0 -0.005510|0|0
evt 0|20 125|0>-0.018571 0 -0.007401|0|0
evt 0|21 125|0>-0.017740 0 -0.009218|0|0
evt 0|22 125|0>-0.016731 0 -0.010943|0|0
evt 0|23 125|0>-0.015555 0 -0.012558|0|0
evt 0|24 125|0>-0.014224 0 -0.014048|0|0
evt 0|25 125|0>-0.012750 0 -0.015398|0|0
evt 0|26 125|0>-0.011149 0 -0.016594|0|0
evt 0|27 125|0>-0.009437 0 -0.017624|0|0
evt 0|28 125|0>-0.007630 0 -0.018478|0|0
evt 0|29 125|0>-0.005747 0 -0.019148|0|0
evt 0|30 125|0>-0.003807 0 -0.019626|0|0
evt 0|31 125|0>-0.001829 0 -0.019908|0|0
evt 0|32 125|0>0.000168 0 -0.019991|0|0
evt 0|33 125|0>0.002163 0 -0.019874|0|0
evt 0|34 125|0>0.004136 0 -0.019559|0|0
evt 0|35 125|0>0.006068 0 -0.019048|0|0
evt 0|36 125|0>0.007940 0 -0.018347|0|0
evt 0|37 125|0>0.009732 0 -0.017463|0|0
evt 0|38 125|0>0.011426 0 -0.016404|0|0
evt 0|39 125|0>0.013007 0 -0.015182|0|0
evt 0|40 125|0>0.014458 0 -0.013807|0|0
evt 0|41 125|0>0.015764 0 -0.012295|0|0
evt 0|42 125|0>0.016913 0 -0.010660|0|0
evt 0|43 125|0>0.017892 0 -0.008918|0|0
evt 0|44 125|0>0.018693 0 -0.007087|0|0
evt 0|45 125|0>0.019307 0 -0.005186|0|0
evt 0|46 125|0>0.019729 0 -0.003232|0|0
evt 0|47 125|0>0.019953 0 -0.001246|0|0
evt 0|48 125|0>0.019978 0 0.000752|0|0
evt 0|49 125|0>0.019803 0 0.002742|0|0
evt 0|50 125|0>0.019430 0 0.004706|0|0
evt 0|51 125|0>0.018863 0 0.006622|0|0
evt 0|52 125|0>0.018108 0 0.008472|0|0
evt 0|53 125|0>0.017172 0 0.010237|0|0
evt 0|54 125|0>0.016064 0 0.011901|0|0
evt 0|55 125|0>0.014795 0 0.013445|0|0
evt 0|56 125|0>0.013379 0 0.014855|0|0
evt 0|57 125|0>0.011829 0 0.016116|0|0
evt 0|58 125|0>0.010161 0 0.017217|0|0
evt 0|59 125|0>0.008392 0 0.018145|0|0
evt 0|60 125|0>0.006538 0 0.018892|0|0
evt 0|61 125|0>0.004620 0 0.019451|0|0
evt 0|62 125|0>0.002655 0 0.019815|0|0
evt 0|63 125|0>0.000663 0 0.019981|0|0
evt 0|64 125|0>-0.001335 0 0.019947|0|0
evt 0|65 125|0>-0.003319 0 0.019714|0|0
evt 0|66 125|0>-0.005271 0 0.019284|0|0
evt 0|67 125|0>-0.007170 0 0.018662|0|0
evt 0|68 125|0>-0.008997 0 0.017853|0|0
evt 0|69 125|0>-0.010734 0 0.016865|0|0
evt 0|70 125|0>-0.012364 0 0.015709|0|0
evt 0|71 125|0>-0.013871 0 0.014397|0|0
evt 0|72 125|0>-0.015239 0 0.012940|0|0
evt 0|73 125|0>-0.016455 0 0.011354|0|0
evt 0|74 125|0>-0.017506 0 0.009654|0|0
evt 0|75 125|0>-0.018382 0 0.007858|0|0
evt 0|76 125|0>-0.019075 0 0.005984|0|0
evt 0|77 125|0>-0.019577 0 0.004050|0|0
evt 0|78 125|0>-0.019884 0 0.002075|0|0
evt 0|79 125|0>-0.019991 0 0.000080|0|0
evt 0|80 125|0>-0.019900 0 -0.001917|0|0
evt 0|81 125|0>-0.019609 0 -0.003894|0|0
evt 0|82 125|0>-0.019122 0 -0.005832|0|0
evt 0|83 125|0>-0.018445 0 -0.007712|0|0
evt 0|84 125|0>-0.017582 0 -0.009515|0|0
evt 0|85 125|0>-0.016545 0 -0.011222|0|0
evt 0|86 125|0>-0.015342 0 -0.012818|0|0
evt 0|87 125|0>-0.013985 0 -0.014286|0|0
evt 0|88 125|0>-0.012489 0 -0.015610|0|0
evt 0|89 125|0>-0.010869 0 -0.016779|0|0
evt 0|90 125|0>-0.009139 0 -0.017781|0|0
evt 0|91 125|0>-0.007318 0 -0.018604|0|0
evt 0|92 125|0>-0.005424 0 -0.019242|0|0
evt 0|93 125|0>-0.003476 0 -0.019687|0|0
evt 0|94 125|0>-0.001494 0 -0.019936|0|0
evt 0|95 125|0>0.000504 0 -0.019985|0|0
evt 0|96 125|0>0.002497 0 -0.019835|0|0
evt 0|97 125|0>0.004465 0 -0.019487|0|0
evt 0|98 125|0>0.006388 0 -0.018944|0|0
evt 0|99 125|0>0.008247 0 -0.018211|0|0
evt 0|100 125|0>0.010024 0 -0.017297|0|0
evt 0|101 125|0>0.011701 0 -0.016210|0|0
evt 0|102 125|0>0.013261 0 -0.014961|0|0
evt 0|103 125|0>0.014688 0 -0.013562|0|0
evt 0|104 125|0>0.015969 0 -0.012028|0|0
evt 0|105 125|0>0.017090 0 -0.010374|0|0
evt 0|106 125|0>0.018040 0 -0.008616|0|0
evt 0|107 125|0>0.018810 0 -0.006772|0|0
evt 0|108 125|0>0.019392 0 -0.004860|0|0
evt 0|109 125|0>0.019780 0 -0.002900|0|0
evt 0|110 125|0>0.019971 0 -0.000911|0|0
evt 0|111 125|0>0.019962 0 0.001088|0|0
evt 0|112 125|0>0.019754 0 0.003075|0|0
evt 0|113 125|0>0.019348 0 0.005032|0|0
evt 0|114 125|0>0.018749 0 0.006938|0|0
evt 0|115 125|0>0.017963 0 0.008775|0|0
evt 0|116 125|0>0.016997 0 0.010525|0|0
evt 0|117 125|0>0.015861 0 0.012169|0|0
evt 0|118 125|0>0.014567 0 0.013692|0|0
evt 0|119 125|0>0.013127 0 0.015078|0|0
evt 0|120 125|0>0.011557 0 0.016313|0|0
evt 0|121 125|0>0.009870 0 0.017385|0|0
evt 0|122 125|0>0.008085 0 0.018284|0|0
evt 0|123 125|0>0.006220 0 0.019000|0|0
evt 0|124 125|0>0.004292 0 0.019526|0|0
evt 0|125 125|0>0.002321 0 0.019857|0|0
