video
base scenes/example
frames 130
//evt 0|1 10|1>.1 0 0|5|0
//evt 0|1 10|1>-.06 0 0|6|0

evt 0|0 0|1>0.500000 0 0.000000|0|0
evt 0|1 1|1>-0.002498 0 0.049917|0|0
evt 0|2 2|1>-0.007469 0 0.049418|0|0
evt 0|3 3|1>-0.012365 0 0.048425|0|0
evt 0|4 4|1>-0.017138 0 0.046949|0|0
evt 0|5 5|1>-0.021739 0 0.045004|0|0
evt 0|6 6|1>-0.026123 0 0.042608|0|0
evt 0|7 7|1>-0.030247 0 0.039788|0|0
evt 0|8 8|1>-0.034068 0 0.036569|0|0
evt 0|9 9|1>-0.037548 0 0.032985|0|0
evt 0|10 10|1>-0.040654 0 0.029072|0|0
evt 0|11 11|1>-0.043353 0 0.024868|0|0
evt 0|12 12|1>-0.045619 0 0.020416|0|0
evt 0|13 13|1>-0.047429 0 0.015760|0|0
evt 0|14 14|1>-0.048766 0 0.010946|0|0
evt 0|15 15|1>-0.049615 0 0.006023|0|0
evt 0|16 16|1>-0.049968 0 0.001039|0|0
evt 0|17 17|1>-0.049822 0 -0.003954|0|0
evt 0|18 18|1>-0.049179 0 -0.008909|0|0
evt 0|19 19|1>-0.048044 0 -0.013774|0|0
evt 0|20 20|1>-0.046429 0 -0.018501|0|0
evt 0|21 21|1>-0.044350 0 -0.023044|0|0
evt 0|22 22|1>-0.041827 0 -0.027356|0|0
evt 0|23 23|1>-0.038887 0 -0.031396|0|0
evt 0|24 24|1>-0.035559 0 -0.035121|0|0
evt 0|25 25|1>-0.031875 0 -0.038495|0|0
evt 0|26 26|1>-0.027873 0 -0.041485|0|0
evt 0|27 27|1>-0.023592 0 -0.044061|0|0
evt 0|28 28|1>-0.019075 0 -0.046196|0|0
evt 0|29 29|1>-0.014368 0 -0.047869|0|0
evt 0|30 30|1>-0.009517 0 -0.049065|0|0
evt 0|31 31|1>-0.004571 0 -0.049770|0|0
evt 0|32 32|1>0.000420 0 -0.049977|0|0
evt 0|33 33|1>0.005407 0 -0.049686|0|0
evt 0|34 34|1>0.010341 0 -0.048898|0|0
evt 0|35 35|1>0.015171 0 -0.047621|0|0
evt 0|36 36|1>0.019849 0 -0.045869|0|0
evt 0|37 37|1>0.024329 0 -0.043658|0|0
evt 0|38 38|1>0.028566 0 -0.041011|0|0
evt 0|39 39|1>0.032518 0 -0.037954|0|0
evt 0|40 40|1>0.036144 0 -0.034518|0|0
evt 0|41 41|1>0.039410 0 -0.030737|0|0
evt 0|42 42|1>0.042281 0 -0.026649|0|0
evt 0|43 43|1>0.044731 0 -0.022295|0|0
evt 0|44 44|1>0.046733 0 -0.017718|0|0
evt 0|45 45|1>0.048268 0 -0.012964|0|0
evt 0|46 46|1>0.049322 0 -0.008081|0|0
evt 0|47 47|1>0.049882 0 -0.003116|0|0
evt 0|48 48|1>0.049944 0 0.001879|0|0
evt 0|49 49|1>0.049507 0 0.006856|0|0
evt 0|50 50|1>0.048575 0 0.011764|0|0
evt 0|51 51|1>0.047158 0 0.016555|0|0
evt 0|52 52|1>0.045269 0 0.021180|0|0
evt 0|53 53|1>0.042929 0 0.025593|0|0
evt 0|54 54|1>0.040159 0 0.029751|0|0
evt 0|55 55|1>0.036988 0 0.033612|0|0
evt 0|56 56|1>0.033448 0 0.037137|0|0
evt 0|57 57|1>0.029574 0 0.040290|0|0
evt 0|58 58|1>0.025403 0 0.043042|0|0
evt 0|59 59|1>0.020980 0 0.045363|0|0
evt 0|60 60|1>0.016346 0 0.047230|0|0
evt 0|61 61|1>0.011549 0 0.048626|0|0
evt 0|62 62|1>0.006637 0 0.049536|0|0
evt 0|63 63|1>0.001658 0 0.049952|0|0
evt 0|64 64|1>-0.003337 0 0.049868|0|0
evt 0|65 65|1>-0.008298 0 0.049285|0|0
evt 0|66 66|1>-0.013177 0 0.048211|0|0
evt 0|67 67|1>-0.017925 0 0.046654|0|0
evt 0|68 68|1>-0.022493 0 0.044632|0|0
evt 0|69 69|1>-0.026836 0 0.042163|0|0
evt 0|70 70|1>-0.030911 0 0.039274|0|0
evt 0|71 71|1>-0.034678 0 0.035991|0|0
evt 0|72 72|1>-0.038098 0 0.032350|0|0
evt 0|73 73|1>-0.041137 0 0.028385|0|0
evt 0|74 74|1>-0.043765 0 0.024136|0|0
evt 0|75 75|1>-0.045956 0 0.019646|0|0
evt 0|76 76|1>-0.047688 0 0.014960|0|0
evt 0|77 77|1>-0.048943 0 0.010125|0|0
evt 0|78 78|1>-0.049709 0 0.005188|0|0
evt 0|79 79|1>-0.049979 0 0.000199|0|0
evt 0|80 80|1>-0.049749 0 -0.004791|0|0
evt 0|81 81|1>-0.049022 0 -0.009734|0|0
evt 0|82 82|1>-0.047806 0 -0.014579|0|0
evt 0|83 83|1>-0.046111 0 -0.019279|0|0
evt 0|84 84|1>-0.043956 0 -0.023786|0|0
evt 0|85 85|1>-0.041362 0 -0.028056|0|0
evt 0|86 86|1>-0.038354 0 -0.032045|0|0
evt 0|87 87|1>-0.034964 0 -0.035714|0|0
evt 0|88 88|1>-0.031223 0 -0.039026|0|0
evt 0|89 89|1>-0.027171 0 -0.041948|0|0
evt 0|90 90|1>-0.022848 0 -0.044451|0|0
evt 0|91 91|1>-0.018296 0 -0.046510|0|0
evt 0|92 92|1>-0.013561 0 -0.048104|0|0
evt 0|93 93|1>-0.008691 0 -0.049218|0|0
evt 0|94 94|1>-0.003734 0 -0.049840|0|0
evt 0|95 95|1>0.001260 0 -0.049963|0|0
evt 0|96 96|1>0.006242 0 -0.049588|0|0
evt 0|97 97|1>0.011162 0 -0.048717|0|0
evt 0|98 98|1>0.015969 0 -0.047359|0|0
evt 0|99 99|1>0.020618 0 -0.045529|0|0
evt 0|100 100|1>0.025060 0 -0.043243|0|0
evt 0|101 101|1>0.029252 0 -0.040525|0|0
evt 0|102 102|1>0.033151 0 -0.037402|0|0
evt 0|103 103|1>0.036720 0 -0.033906|0|0
evt 0|104 104|1>0.039921 0 -0.030070|0|0
evt 0|105 105|1>0.042724 0 -0.025935|0|0
evt 0|106 106|1>0.045100 0 -0.021540|0|0
evt 0|107 107|1>0.047025 0 -0.016930|0|0
evt 0|108 108|1>0.048480 0 -0.012150|0|0
evt 0|109 109|1>0.049451 0 -0.007250|0|0
evt 0|110 110|1>0.049927 0 -0.002277|0|0
evt 0|111 111|1>0.049905 0 0.002719|0|0
evt 0|112 112|1>0.049385 0 0.007688|0|0
evt 0|113 113|1>0.048370 0 0.012580|0|0
evt 0|114 114|1>0.046873 0 0.017346|0|0
evt 0|115 115|1>0.044907 0 0.021939|0|0
evt 0|116 116|1>0.042492 0 0.026312|0|0
evt 0|117 117|1>0.039653 0 0.030423|0|0
evt 0|118 118|1>0.036418 0 0.034230|0|0
evt 0|119 119|1>0.032819 0 0.037694|0|0
evt 0|120 120|1>0.028892 0 0.040783|0|0
evt 0|121 121|1>0.024676 0 0.043463|0|0
evt 0|122 122|1>0.020213 0 0.045709|0|0
evt 0|123 123|1>0.015549 0 0.047499|0|0
evt 0|124 124|1>0.010729 0 0.048814|0|0
evt 0|125 125|1>0.005802 0 0.049641|0|0
evt 0|0 0|0>0.100000 0 0.000000|0|0
evt 0|1 1|0>-0.000500 0 0.009983|0|0
evt 0|2 2|0>-0.001494 0 0.009884|0|0
evt 0|3 3|0>-0.002473 0 0.009685|0|0
evt 0|4 4|0>-0.003428 0 0.009390|0|0
evt 0|5 5|0>-0.004348 0 0.009001|0|0
evt 0|6 6|0>-0.005225 0 0.008522|0|0
evt 0|7 7|0>-0.006049 0 0.007958|0|0
evt 0|8 8|0>-0.006814 0 0.007314|0|0
evt 0|9 9|0>-0.007510 0 0.006597|0|0
evt 0|10 10|0>-0.008131 0 0.005814|0|0
evt 0|11 11|0>-0.008671 0 0.004974|0|0
evt 0|12 12|0>-0.009124 0 0.004083|0|0
evt 0|13 13|0>-0.009486 0 0.003152|0|0
evt 0|14 14|0>-0.009753 0 0.002189|0|0
evt 0|15 15|0>-0.009923 0 0.001205|0|0
evt 0|16 16|0>-0.009994 0 0.000208|0|0
evt 0|17 17|0>-0.009964 0 -0.000791|0|0
evt 0|18 18|0>-0.009836 0 -0.001782|0|0
evt 0|19 19|0>-0.009609 0 -0.002755|0|0
evt 0|20 20|0>-0.009286 0 -0.003700|0|0
evt 0|21 21|0>-0.008870 0 -0.004609|0|0
evt 0|22 22|0>-0.008365 0 -0.005471|0|0
evt 0|23 23|0>-0.007777 0 -0.006279|0|0
evt 0|24 24|0>-0.007112 0 -0.007024|0|0
evt 0|25 25|0>-0.006375 0 -0.007699|0|0
evt 0|26 26|0>-0.005575 0 -0.008297|0|0
evt 0|27 27|0>-0.004718 0 -0.008812|0|0
evt 0|28 28|0>-0.003815 0 -0.009239|0|0
evt 0|29 29|0>-0.002874 0 -0.009574|0|0
evt 0|30 30|0>-0.001903 0 -0.009813|0|0
evt 0|31 31|0>-0.000914 0 -0.009954|0|0
evt 0|32 32|0>0.000084 0 -0.009995|0|0
evt 0|33 33|0>0.001081 0 -0.009937|0|0
evt 0|34 34|0>0.002068 0 -0.009780|0|0
evt 0|35 35|0>0.003034 0 -0.009524|0|0
evt 0|36 36|0>0.003970 0 -0.009174|0|0
evt 0|37 37|0>0.004866 0 -0.008732|0|0
evt 0|38 38|0>0.005713 0 -0.008202|0|0
evt 0|39 39|0>0.006504 0 -0.007591|0|0
evt 0|40 40|0>0.007229 0 -0.006904|0|0
evt 0|41 41|0>0.007882 0 -0.006147|0|0
evt 0|42 42|0>0.008456 0 -0.005330|0|0
evt 0|43 43|0>0.008946 0 -0.004459|0|0
evt 0|44 44|0>0.009347 0 -0.003544|0|0
evt 0|45 45|0>0.009654 0 -0.002593|0|0
evt 0|46 46|0>0.009864 0 -0.001616|0|0
evt 0|47 47|0>0.009976 0 -0.000623|0|0
evt 0|48 48|0>0.009989 0 0.000376|0|0
evt 0|49 49|0>0.009901 0 0.001371|0|0
evt 0|50 50|0>0.009715 0 0.002353|0|0
evt 0|51 51|0>0.009432 0 0.003311|0|0
evt 0|52 52|0>0.009054 0 0.004236|0|0
evt 0|53 53|0>0.008586 0 0.005119|0|0
evt 0|54 54|0>0.008032 0 0.005950|0|0
evt 0|55 55|0>0.007398 0 0.006722|0|0
evt 0|56 56|0>0.006690 0 0.007427|0|0
evt 0|57 57|0>0.005915 0 0.008058|0|0
evt 0|58 58|0>0.005081 0 0.008608|0|0
evt 0|59 59|0>0.004196 0 0.009073|0|0
evt 0|60 60|0>0.003269 0 0.009446|0|0
evt 0|61 61|0>0.002310 0 0.009725|0|0
evt 0|62 62|0>0.001327 0 0.009907|0|0
evt 0|63 63|0>0.000332 0 0.009990|0|0
evt 0|64 64|0>-0.000667 0 0.009974|0|0
evt 0|65 65|0>-0.001660 0 0.009857|0|0
evt 0|66 66|0>-0.002635 0 0.009642|0|0
evt 0|67 67|0>-0.003585 0 0.009331|0|0
evt 0|68 68|0>-0.004499 0 0.008926|0|0
evt 0|69 69|0>-0.005367 0 0.008433|0|0
evt 0|70 70|0>-0.006182 0 0.007855|0|0
evt 0|71 71|0>-0.006936 0 0.007198|0|0
evt 0|72 72|0>-0.007620 0 0.006470|0|0
evt 0|73 73|0>-0.008227 0 0.005677|0|0
evt 0|74 74|0>-0.008753 0 0.004827|0|0
evt 0|75 75|0>-0.009191 0 0.003929|0|0
evt 0|76 76|0>-0.009538 0 0.002992|0|0
evt 0|77 77|0>-0.009789 0 0.002025|0|0
evt 0|78 78|0>-0.009942 0 0.001038|0|0
evt 0|79 79|0>-0.009996 0 0.000040|0|0
evt 0|80 80|0>-0.009950 0 -0.000958|0|0
evt 0|81 81|0>-0.009804 0 -0.001947|0|0
evt 0|82 82|0>-0.009561 0 -0.002916|0|0
evt 0|83 83|0>-0.009222 0 -0.003856|0|0
evt 0|84 84|0>-0.008791 0 -0.004757|0|0
evt 0|85 85|0>-0.008272 0 -0.005611|0|0
evt 0|86 86|0>-0.007671 0 -0.006409|0|0
evt 0|87 87|0>-0.006993 0 -0.007143|0|0
evt 0|88 88|0>-0.006245 0 -0.007805|0|0
evt 0|89 89|0>-0.005434 0 -0.008390|0|0
evt 0|90 90|0>-0.004570 0 -0.008890|0|0
evt 0|91 91|0>-0.003659 0 -0.009302|0|0
evt 0|92 92|0>-0.002712 0 -0.009621|0|0
evt 0|93 93|0>-0.001738 0 -0.009844|0|0
evt 0|94 94|0>-0.000747 0 -0.009968|0|0
evt 0|95 95|0>0.000252 0 -0.009993|0|0
evt 0|96 96|0>0.001248 0 -0.009918|0|0
evt 0|97 97|0>0.002232 0 -0.009743|0|0
evt 0|98 98|0>0.003194 0 -0.009472|0|0
evt 0|99 99|0>0.004124 0 -0.009106|0|0
evt 0|100 100|0>0.005012 0 -0.008649|0|0
evt 0|101 101|0>0.005850 0 -0.008105|0|0
evt 0|102 102|0>0.006630 0 -0.007480|0|0
evt 0|103 103|0>0.007344 0 -0.006781|0|0
evt 0|104 104|0>0.007984 0 -0.006014|0|0
evt 0|105 105|0>0.008545 0 -0.005187|0|0
evt 0|106 106|0>0.009020 0 -0.004308|0|0
evt 0|107 107|0>0.009405 0 -0.003386|0|0
evt 0|108 108|0>0.009696 0 -0.002430|0|0
evt 0|109 109|0>0.009890 0 -0.001450|0|0
evt 0|110 110|0>0.009985 0 -0.000455|0|0
evt 0|111 111|0>0.009981 0 0.000544|0|0
evt 0|112 112|0>0.009877 0 0.001538|0|0
evt 0|113 113|0>0.009674 0 0.002516|0|0
evt 0|114 114|0>0.009375 0 0.003469|0|0
evt 0|115 115|0>0.008981 0 0.004388|0|0
evt 0|116 116|0>0.008498 0 0.005262|0|0
evt 0|117 117|0>0.007931 0 0.006085|0|0
evt 0|118 118|0>0.007284 0 0.006846|0|0
evt 0|119 119|0>0.006564 0 0.007539|0|0
evt 0|120 120|0>0.005778 0 0.008157|0|0
evt 0|121 121|0>0.004935 0 0.008693|0|0
evt 0|122 122|0>0.004043 0 0.009142|0|0
evt 0|123 123|0>0.003110 0 0.009500|0|0
evt 0|124 124|0>0.002146 0 0.009763|0|0
evt 0|125 125|0>0.001160 0 0.009928|0|0
